   0.0000000e+00   5.2952809e+02   1.1580155e+03   7.7175126e+02   4.8259714e+02   3.3241540e+02   1.2174153e+03   3.6400549e+02   6.1611687e+02   6.2936476e+02   1.2490797e+03   5.4037024e+02   4.5694639e+02   1.2382245e+03   9.4847246e+02   5.7489129e+02   1.4883884e+03   1.1340635e+03   8.1743501e+02   6.7119297e+02   3.2015621e+02   1.4223924e+03   8.6400231e+02   2.8231188e+02   9.7867257e+02   7.5663730e+02   4.6010868e+02   1.8601075e+02   8.2006097e+02
   5.2952809e+02   0.0000000e+00   7.3006849e+02   5.7271284e+02   3.8897301e+02   5.7280014e+02   1.4354442e+03   8.6052310e+02   6.2096699e+02   3.5902646e+02   1.1296902e+03   8.3737686e+02   4.6690470e+02   9.6747093e+02   7.6941536e+02   7.9630396e+02   1.1423222e+03   8.1786307e+02   8.1987804e+02   2.7294688e+02   2.2825424e+02   1.1684177e+03   1.2808200e+03   6.5000000e+02   1.0860018e+03   4.9040799e+02   8.6400231e+02   6.7779053e+02   4.1868843e+02
   1.1580155e+03   7.3006849e+02   0.0000000e+00   1.2182775e+03   7.1253070e+02   9.9020200e+02   2.1600231e+03   1.5212166e+03   7.6902536e+02   1.0282509e+03   1.7353962e+03   1.1493476e+03   1.1947385e+03   1.4673105e+03   1.3857128e+03   1.5263355e+03   1.5119854e+03   1.2997307e+03   1.5164432e+03   8.9022469e+02   8.5234969e+02   1.6524527e+03   1.9906029e+03   1.3551753e+03   1.7965523e+03   4.5177428e+02   1.5701274e+03   1.2332072e+03   3.3837849e+02
   7.7175126e+02   5.7271284e+02   1.2182775e+03   0.0000000e+00   9.3000000e+02   1.0096039e+03   1.0062306e+03   9.1021975e+02   1.1606895e+03   2.1377558e+02   5.5731499e+02   1.2713772e+03   3.2557641e+02   4.6647615e+02   2.0000000e+02   5.3935146e+02   7.2835431e+02   3.7643060e+02   3.2649655e+02   3.3120990e+02   6.7475922e+02   6.5391131e+02   1.0989540e+03   6.4815122e+02   6.1400326e+02   1.0623088e+03   7.7878110e+02   9.5718337e+02   9.6254870e+02
   4.8259714e+02   3.8897301e+02   7.1253070e+02   9.3000000e+02   0.0000000e+00   2.8284271e+02   1.6475436e+03   8.4118963e+02   2.3345235e+02   7.2111026e+02   1.4827340e+03   4.9929951e+02   7.2422372e+02   1.3514807e+03   1.1300000e+03   9.8478424e+02   1.5310127e+03   1.2054045e+03   1.1182576e+03   6.5969690e+02   2.7202941e+02   1.5519343e+03   1.3461798e+03   7.3552702e+02   1.3485177e+03   2.7856777e+02   9.3605555e+02   5.2392748e+02   3.9319207e+02
   3.3241540e+02   5.7280014e+02   9.9020200e+02   1.0096039e+03   2.8284271e+02   0.0000000e+00   1.5494515e+03   6.3655322e+02   3.0610456e+02   8.2462113e+02   1.5318290e+03   2.6925824e+02   7.3246160e+02   1.4653668e+03   1.2030378e+03   9.0520716e+02   1.6823793e+03   1.3375350e+03   1.1200446e+03   8.0993827e+02   3.6055513e+02   1.6602711e+03   1.1597414e+03   6.1465437e+02   1.3041856e+03   5.4332311e+02   7.7935871e+02   2.8017851e+02   6.7601775e+02
   1.2174153e+03   1.4354442e+03   2.1600231e+03   1.0062306e+03   1.6475436e+03   1.5494515e+03   0.0000000e+00   9.9297533e+02   1.8252945e+03   1.1485643e+03   8.1614950e+02   1.7184004e+03   9.6876210e+02   1.1410960e+03   9.3407708e+02   6.6287254e+02   1.4212670e+03   1.2083874e+03   6.7977938e+02   1.2927490e+03   1.3880922e+03   1.1696581e+03   6.1983869e+02   9.3520051e+02   3.9560081e+02   1.8804255e+03   7.9309520e+02   1.3189769e+03   1.8528357e+03
   3.6400549e+02   8.6052310e+02   1.5212166e+03   9.1021975e+02   8.4118963e+02   6.3655322e+02   9.9297533e+02   0.0000000e+00   9.4175368e+02   8.4308956e+02   1.2605158e+03   7.4249579e+02   5.9539903e+02   1.3510366e+03   1.0394710e+03   4.7853944e+02   1.6337686e+03   1.2860016e+03   8.1541401e+02   9.3145048e+02   6.7468511e+02   1.5089400e+03   5.2402290e+02   2.6419690e+02   8.6585218e+02   1.1180340e+03   2.1213203e+02   3.6235342e+02   1.1829624e+03
   6.1611687e+02   6.2096699e+02   7.6902536e+02   1.1606895e+03   2.3345235e+02   3.0610456e+02   1.8252945e+03   9.4175368e+02   0.0000000e+00   9.5336247e+02   1.7107308e+03   3.8209946e+02   9.3744333e+02   1.5849290e+03   1.3605881e+03   1.1677757e+03   1.7613915e+03   1.4383671e+03   1.3336416e+03   8.9269256e+02   4.9162994e+02   1.7853851e+03   1.4638647e+03   8.9358827e+02   1.5495161e+03   3.2695565e+02   1.0744766e+03   5.8600341e+02   5.1312766e+02
   6.2936476e+02   3.5902646e+02   1.0282509e+03   2.1377558e+02   7.2111026e+02   8.2462113e+02   1.1485643e+03   8.4308956e+02   9.5336247e+02   0.0000000e+00   7.7103826e+02   1.0916501e+03   2.6172505e+02   6.4195015e+02   4.1194660e+02   5.8051701e+02   8.6533231e+02   5.1478151e+02   4.8836462e+02   1.4422205e+02   4.7539457e+02   8.3934498e+02   1.1321661e+03   5.8189346e+02   7.7155687e+02   8.4899941e+02   7.5802375e+02   8.1394103e+02   7.5591005e+02
   1.2490797e+03   1.1296902e+03   1.7353962e+03   5.5731499e+02   1.4827340e+03   1.5318290e+03   8.1614950e+02   1.2605158e+03   1.7107308e+03   7.7103826e+02   0.0000000e+00   1.7808425e+03   8.0062476e+02   3.6249138e+02   3.6138622e+02   7.8492038e+02   6.1131007e+02   4.9040799e+02   4.4721360e+02   8.7641314e+02   1.2200410e+03   3.5355339e+02   1.2149486e+03   1.0387011e+03   5.0119856e+02   1.6183016e+03   1.0683164e+03   1.4233763e+03   1.5084098e+03
   5.4037024e+02   8.3737686e+02   1.1493476e+03   1.2713772e+03   4.9929951e+02   2.6925824e+02   1.7184004e+03   7.4249579e+02   3.8209946e+02   1.0916501e+03   1.7808425e+03   0.0000000e+00   9.8061205e+02   1.7307802e+03   1.4616429e+03   1.1054863e+03   1.9513329e+03   1.6055217e+03   1.3562448e+03   1.0791200e+03   6.2968246e+02   1.9241622e+03   1.2539936e+03   8.0504658e+02   1.5140013e+03   7.0092796e+02   9.2655275e+02   4.0024992e+02   8.7091905e+02
   4.5694639e+02   4.6690470e+02   1.1947385e+03   3.2557641e+02   7.2422372e+02   7.3246160e+02   9.6876210e+02   5.9539903e+02   9.3744333e+02   2.6172505e+02   8.0062476e+02   9.8061205e+02   0.0000000e+00   7.8816242e+02   4.9193496e+02   3.4014703e+02   1.0536128e+03   7.0035705e+02   3.9623226e+02   3.8327536e+02   4.5221676e+02   9.6747093e+02   8.7572827e+02   3.3120990e+02   6.3134776e+02   9.2439169e+02   4.9648766e+02   6.3953108e+02   8.8413800e+02
   1.2382245e+03   9.6747093e+02   1.4673105e+03   4.6647615e+02   1.3514807e+03   1.4653668e+03   1.1410960e+03   1.3510366e+03   1.5849290e+03   6.4195015e+02   3.6249138e+02   1.7307802e+03   7.8816242e+02   0.0000000e+00   3.1240999e+02   9.1809586e+02   3.0083218e+02   1.6763055e+02   5.8600341e+02   6.9462220e+02   1.1168259e+03   2.0099751e+02   1.4354442e+03   1.0965856e+03   7.7524190e+02   1.4301399e+03   1.1920151e+03   1.4235870e+03   1.2887591e+03
   9.4847246e+02   7.6941536e+02   1.3857128e+03   2.0000000e+02   1.1300000e+03   1.2030378e+03   9.3407708e+02   1.0394710e+03   1.3605881e+03   4.1194660e+02   3.6138622e+02   1.4616429e+03   4.9193496e+02   3.1240999e+02   0.0000000e+00   6.0901560e+02   6.0539243e+02   2.9274562e+02   2.9427878e+02   5.1546096e+02   8.7367042e+02   4.7707442e+02   1.1417968e+03   7.8746428e+02   5.4129474e+02   1.2571794e+03   8.8005682e+02   1.1314592e+03   1.1482596e+03
   5.7489129e+02   7.9630396e+02   1.5263355e+03   5.3935146e+02   9.8478424e+02   9.0520716e+02   6.6287254e+02   4.7853944e+02   1.1677757e+03   5.8051701e+02   7.8492038e+02   1.1054863e+03   3.4014703e+02   9.1809586e+02   6.0901560e+02   0.0000000e+00   1.2143311e+03   8.8769364e+02   3.4655447e+02   7.1568149e+02   7.2622311e+02   1.0555094e+03   5.6142675e+02   3.0066593e+02   4.1000000e+02   1.2202459e+03   2.8425341e+02   7.1028163e+02   1.2061509e+03
   1.4883884e+03   1.1423222e+03   1.5119854e+03   7.2835431e+02   1.5310127e+03   1.6823793e+03   1.4212670e+03   1.6337686e+03   1.7613915e+03   8.6533231e+02   6.1131007e+02   1.9513329e+03   1.0536128e+03   3.0083218e+02   6.0539243e+02   1.2143311e+03   0.0000000e+00   3.5468296e+02   8.8639720e+02   8.7726849e+02   1.3237825e+03   2.7513633e+02   1.7362603e+03   1.3744090e+03   1.0688779e+03   1.5617938e+03   1.4838464e+03   1.6743058e+03   1.3960659e+03
   1.1340635e+03   8.1786307e+02   1.2997307e+03   3.7643060e+02   1.2054045e+03   1.3375350e+03   1.2083874e+03   1.2860016e+03   1.4383671e+03   5.1478151e+02   4.9040799e+02   1.6055217e+03   7.0035705e+02   1.6763055e+02   2.9274562e+02   8.8769364e+02   3.5468296e+02   0.0000000e+00   5.8694122e+02   5.4571055e+02   9.8234414e+02   3.6124784e+02   1.4313630e+03   1.0244999e+03   8.2298238e+02   1.2703543e+03   1.1461239e+03   1.3200379e+03   1.1244554e+03
   8.1743501e+02   8.1987804e+02   1.5164432e+03   3.2649655e+02   1.1182576e+03   1.1200446e+03   6.7977938e+02   8.1541401e+02   1.3336416e+03   4.8836462e+02   4.4721360e+02   1.3562448e+03   3.9623226e+02   5.8600341e+02   2.9427878e+02   3.4655447e+02   8.8639720e+02   5.8694122e+02   0.0000000e+00   6.2936476e+02   8.4646323e+02   7.1063352e+02   8.5094066e+02   5.9236813e+02   2.8844410e+02   1.3018833e+03   6.3031738e+02   9.8488578e+02   1.2342204e+03
   6.7119297e+02   2.7294688e+02   8.9022469e+02   3.3120990e+02   6.5969690e+02   8.0993827e+02   1.2927490e+03   9.3145048e+02   8.9269256e+02   1.4422205e+02   8.7641314e+02   1.0791200e+03   3.8327536e+02   6.9462220e+02   5.1546096e+02   7.1568149e+02   8.7726849e+02   5.4571055e+02   6.2936476e+02   0.0000000e+00   4.4944410e+02   8.9560036e+02   1.2589678e+03   6.7896981e+02   9.1438504e+02   7.4672619e+02   8.7051709e+02   8.4811556e+02   6.3324561e+02
   3.2015621e+02   2.2825424e+02   8.5234969e+02   6.7475922e+02   2.7202941e+02   3.6055513e+02   1.3880922e+03   6.7468511e+02   4.9162994e+02   4.7539457e+02   1.2200410e+03   6.2968246e+02   4.5221676e+02   1.1168259e+03   8.7367042e+02   7.2622311e+02   1.3237825e+03   9.8234414e+02   8.4646323e+02   4.4944410e+02   0.0000000e+00   1.3147243e+03   1.1406139e+03   5.0774009e+02   1.0783784e+03   4.9517674e+02   7.2069411e+02   4.5221676e+02   5.1478151e+02
   1.4223924e+03   1.1684177e+03   1.6524527e+03   6.5391131e+02   1.5519343e+03   1.6602711e+03   1.1696581e+03   1.5089400e+03   1.7853851e+03   8.3934498e+02   3.5355339e+02   1.9241622e+03   9.6747093e+02   2.0099751e+02   4.7707442e+02   1.0555094e+03   2.7513633e+02   3.6124784e+02   7.1063352e+02   8.9560036e+02   1.3147243e+03   0.0000000e+00   1.5395129e+03   1.2621014e+03   8.4154620e+02   1.6300000e+03   1.3368994e+03   1.6065491e+03   1.4856985e+03
   8.6400231e+02   1.2808200e+03   1.9906029e+03   1.0989540e+03   1.3461798e+03   1.1597414e+03   6.1983869e+02   5.2402290e+02   1.4638647e+03   1.1321661e+03   1.2149486e+03   1.2539936e+03   8.7572827e+02   1.4354442e+03   1.1417968e+03   5.6142675e+02   1.7362603e+03   1.4313630e+03   8.5094066e+02   1.2589678e+03   1.1406139e+03   1.5395129e+03   0.0000000e+00   6.3560994e+02   7.1840100e+02   1.6169725e+03   4.2047592e+02   8.8617154e+02   1.6546903e+03
   2.8231188e+02   6.5000000e+02   1.3551753e+03   6.4815122e+02   7.3552702e+02   6.1465437e+02   9.3520051e+02   2.6419690e+02   8.9358827e+02   5.8189346e+02   1.0387011e+03   8.0504658e+02   3.3120990e+02   1.0965856e+03   7.8746428e+02   3.0066593e+02   1.3744090e+03   1.0244999e+03   5.9236813e+02   6.7896981e+02   5.0774009e+02   1.2621014e+03   6.3560994e+02   0.0000000e+00   7.1028163e+02   9.9488693e+02   2.1540659e+02   4.1000000e+02   1.0200000e+03
   9.7867257e+02   1.0860018e+03   1.7965523e+03   6.1400326e+02   1.3485177e+03   1.3041856e+03   3.9560081e+02   8.6585218e+02   1.5495161e+03   7.7155687e+02   5.0119856e+02   1.5140013e+03   6.3134776e+02   7.7524190e+02   5.4129474e+02   4.1000000e+02   1.0688779e+03   8.2298238e+02   2.8844410e+02   9.1438504e+02   1.0783784e+03   8.4154620e+02   7.1840100e+02   7.1028163e+02   0.0000000e+00   1.5555385e+03   6.5520989e+02   1.1201786e+03   1.5041609e+03
   7.5663730e+02   4.9040799e+02   4.5177428e+02   1.0623088e+03   2.7856777e+02   5.4332311e+02   1.8804255e+03   1.1180340e+03   3.2695565e+02   8.4899941e+02   1.6183016e+03   7.0092796e+02   9.2439169e+02   1.4301399e+03   1.2571794e+03   1.2202459e+03   1.5617938e+03   1.2703543e+03   1.3018833e+03   7.4672619e+02   4.9517674e+02   1.6300000e+03   1.6169725e+03   9.9488693e+02   1.5555385e+03   0.0000000e+00   1.2020815e+03   8.0081209e+02   1.9849433e+02
   4.6010868e+02   8.6400231e+02   1.5701274e+03   7.7878110e+02   9.3605555e+02   7.7935871e+02   7.9309520e+02   2.1213203e+02   1.0744766e+03   7.5802375e+02   1.0683164e+03   9.2655275e+02   4.9648766e+02   1.1920151e+03   8.8005682e+02   2.8425341e+02   1.4838464e+03   1.1461239e+03   6.3031738e+02   8.7051709e+02   7.2069411e+02   1.3368994e+03   4.2047592e+02   2.1540659e+02   6.5520989e+02   1.2020815e+03   0.0000000e+00   5.2924474e+02   1.2343419e+03
   1.8601075e+02   6.7779053e+02   1.2332072e+03   9.5718337e+02   5.2392748e+02   2.8017851e+02   1.3189769e+03   3.6235342e+02   5.8600341e+02   8.1394103e+02   1.4233763e+03   4.0024992e+02   6.3953108e+02   1.4235870e+03   1.1314592e+03   7.1028163e+02   1.6743058e+03   1.3200379e+03   9.8488578e+02   8.4811556e+02   4.5221676e+02   1.6065491e+03   8.8617154e+02   4.1000000e+02   1.1201786e+03   8.0081209e+02   5.2924474e+02   0.0000000e+00   9.0271812e+02
   8.2006097e+02   4.1868843e+02   3.3837849e+02   9.6254870e+02   3.9319207e+02   6.7601775e+02   1.8528357e+03   1.1829624e+03   5.1312766e+02   7.5591005e+02   1.5084098e+03   8.7091905e+02   8.8413800e+02   1.2887591e+03   1.1482596e+03   1.2061509e+03   1.3960659e+03   1.1244554e+03   1.2342204e+03   6.3324561e+02   5.1478151e+02   1.4856985e+03   1.6546903e+03   1.0200000e+03   1.5041609e+03   1.9849433e+02   1.2343419e+03   9.0271812e+02   0.0000000e+00
